[gd_scene load_steps=27 format=3 uid="uid://bgv1ehfs4jmvb"]

[ext_resource type="Script" path="res://scenes/Game.gd" id="1_a0gds"]
[ext_resource type="Script" path="res://controls.gd" id="1_dy8gj"]
[ext_resource type="Texture2D" uid="uid://dbcox4r7v7l7i" path="res://assets/textures/grid.png" id="3_ajl6l"]
[ext_resource type="PackedScene" uid="uid://bhmma80v3svv5" path="res://scenes/house.tscn" id="3_sfhom"]
[ext_resource type="Environment" uid="uid://qq27ldxcyte8" path="res://scenes/Environment.tres" id="4_n2lm6"]
[ext_resource type="PackedScene" uid="uid://but445bck7nue" path="res://scenes/Obstacle.tscn" id="5_67j8h"]
[ext_resource type="PackedScene" uid="uid://bkf0qxvuygkrp" path="res://scenes/Board.tscn" id="5_fa4mu"]
[ext_resource type="PackedScene" uid="uid://dnvekamlox8kj" path="res://scenes/UI.tscn" id="6_gb1i7"]
[ext_resource type="Script" path="res://scripts/Bonsai.cs" id="9_dqyom"]
[ext_resource type="PackedScene" uid="uid://cvh7iy8odl638" path="res://models/Vertical lines.glb" id="9_yt63o"]
[ext_resource type="Script" path="res://scenes/Area3D_Vertical.gd" id="10_jpcbb"]
[ext_resource type="PackedScene" uid="uid://dom7bjnhrcpyl" path="res://models/Diagonal lines.glb" id="12_yrmby"]
[ext_resource type="Script" path="res://scenes/Area3D_Diagonal.gd" id="13_bj3pb"]
[ext_resource type="Script" path="res://scenes/MasterDiagonal.gd" id="14_a8gcp"]
[ext_resource type="PackedScene" uid="uid://5m4lvkbkg47j" path="res://models/Circles.glb" id="15_8jmch"]
[ext_resource type="Script" path="res://scenes/MasterCircle.gd" id="15_qyi37"]
[ext_resource type="Script" path="res://scenes/Area3D_Circles.gd" id="16_sj65f"]
[ext_resource type="Script" path="res://scenes/MasterVertical.gd" id="18_m0vkl"]

[sub_resource type="CapsuleShape3D" id="CapsuleShape3D_quner"]
radius = 0.06594
height = 0.13188

[sub_resource type="PlaneMesh" id="PlaneMesh_a5myr"]
size = Vector2(100, 100)

[sub_resource type="StandardMaterial3D" id="StandardMaterial3D_pbvdg"]
albedo_color = Color(0.6, 0.6, 0.6, 1)
albedo_texture = ExtResource("3_ajl6l")
uv1_scale = Vector3(100, 100, 100)
uv2_scale = Vector3(100, 100, 100)

[sub_resource type="WorldBoundaryShape3D" id="WorldBoundaryShape3D_nstng"]

[sub_resource type="CameraAttributesPhysical" id="CameraAttributesPhysical_54fwo"]
auto_exposure_enabled = true

[sub_resource type="BoxShape3D" id="BoxShape3D_dh3mp"]

[sub_resource type="BoxShape3D" id="BoxShape3D_f6ecw"]
size = Vector3(0.174925, 0.116126, 0.182243)

[sub_resource type="BoxShape3D" id="BoxShape3D_dg6kp"]

[node name="World" type="Node3D" node_paths=PackedStringArray("player", "ui")]
transform = Transform3D(1, 0, 0, 0, 1, 0, 0, 0, 1, 0, -0.585522, 0)
script = ExtResource("1_a0gds")
player = NodePath("Player")
ui = NodePath("UI")

[node name="Player" type="CharacterBody3D" parent="."]
transform = Transform3D(-0.997788, 0, 0.0664829, 0, 1, 0, -0.0664829, 0, -0.997788, 0.773554, 0.079194, -5.55579)
script = ExtResource("1_dy8gj")

[node name="CollisionShape3D" type="CollisionShape3D" parent="Player"]
transform = Transform3D(-1, 0, -8.97035e-08, 0, 1, 0, 9.23515e-08, 0, -1, 0, 0, 0)
shape = SubResource("CapsuleShape3D_quner")

[node name="Camera3D" type="Camera3D" parent="Player"]
transform = Transform3D(1, 0, 0, 0, 1, 0, 0, 0, 1, 2.98023e-08, 0, 0.0079999)
current = true
fov = 80.0

[node name="SubViewport" type="SubViewport" parent="Player/Camera3D"]
size = Vector2i(1280, 720)

[node name="Ground" type="StaticBody3D" parent="."]

[node name="MeshInstance3D" type="MeshInstance3D" parent="Ground"]
mesh = SubResource("PlaneMesh_a5myr")
skeleton = NodePath("../CollisionShape3D")
surface_material_override/0 = SubResource("StandardMaterial3D_pbvdg")

[node name="CollisionShape3D" type="CollisionShape3D" parent="Ground"]
transform = Transform3D(100, 0, 0, 0, 100, 0, 0, 0, 100, 0, 0, 0)
shape = SubResource("WorldBoundaryShape3D_nstng")

[node name="DirectionalLight3D" type="DirectionalLight3D" parent="."]
transform = Transform3D(0.615553, -0.597876, -0.513458, 0.0557582, -0.616845, 0.785107, -0.786121, -0.511904, -0.346364, -6.37121, 3.07439, -3.24436)
light_energy = 1.1
shadow_enabled = true
shadow_bias = 0.05
shadow_normal_bias = 5.0
directional_shadow_blend_splits = true

[node name="WorldEnvironment" type="WorldEnvironment" parent="."]
environment = ExtResource("4_n2lm6")
camera_attributes = SubResource("CameraAttributesPhysical_54fwo")

[node name="Boxes" type="Node3D" parent="."]
transform = Transform3D(1, 0, 0, 0, 1, 0, 0, 0, 1, 2.32535, 0, 0)

[node name="Box" parent="Boxes" instance=ExtResource("5_67j8h")]
transform = Transform3D(1, 0, 0, 0, 1, 0, 0, 0, 1, -2.371, 0.18, 4.422)

[node name="Box2" parent="Boxes" instance=ExtResource("5_67j8h")]
transform = Transform3D(0.999633, 0, 0.0270842, 0, 1, 0, -0.0270842, 0, 0.999633, -2.95707, 0.18, 4.43395)

[node name="Box7" parent="Boxes" instance=ExtResource("5_67j8h")]
transform = Transform3D(-0.00169302, 0, 0.999999, 0, 1, 0, -0.999999, 0, -0.00169302, -3.06543, 0.18, 4.9047)

[node name="Box8" parent="Boxes" instance=ExtResource("5_67j8h")]
transform = Transform3D(0.012758, 0, 0.999919, 0, 1, 0, -0.999919, 0, 0.012758, -3.06543, 0.18, 5.48856)

[node name="Box5" parent="Boxes" instance=ExtResource("5_67j8h")]
transform = Transform3D(0.999973, 0, 0.00733033, 0, 1, 0, -0.00733033, 0, 0.999973, -1.78768, 0.18, 4.43395)

[node name="Box14" parent="Boxes" instance=ExtResource("5_67j8h")]
transform = Transform3D(0.0261944, 0, 0.999657, 0, 1, 0, -0.999657, 0, 0.0261944, -1.68529, 0.18, 5.32269)

[node name="Box15" parent="Boxes" instance=ExtResource("5_67j8h")]
transform = Transform3D(-0.0234027, 0, 0.999726, 0, 1, 0, -0.999726, 0, -0.0234027, -1.68529, 0.18, 5.92067)

[node name="Box17" parent="Boxes" instance=ExtResource("5_67j8h")]
transform = Transform3D(0.0124264, 0, 0.999923, 0, 1, 0, -0.999923, 0, 0.0124264, -0.704869, 0.18, 4.3012)

[node name="Box18" parent="Boxes" instance=ExtResource("5_67j8h")]
transform = Transform3D(-0.0234027, 0, 0.999726, 0, 1, 0, -0.999726, 0, -0.0234027, -0.704869, 0.18, 4.89918)

[node name="Box19" parent="Boxes" instance=ExtResource("5_67j8h")]
transform = Transform3D(0.00109958, 0, 0.999999, 0, 1, 0, -0.999999, 0, 0.00109958, -0.704869, 0.18, 3.71442)

[node name="Box27" parent="Boxes" instance=ExtResource("5_67j8h")]
transform = Transform3D(0.00109958, 0, 0.999999, 0, 1, 0, -0.999999, 0, 0.00109958, -4.64817, 0.18, 3.01509)

[node name="Box28" parent="Boxes" instance=ExtResource("5_67j8h")]
transform = Transform3D(0.03551, 0, 0.999369, 0, 1, 0, -0.999369, 0, 0.03551, -4.66441, 0.18, 3.59942)

[node name="Box29" parent="Boxes" instance=ExtResource("5_67j8h")]
transform = Transform3D(-0.0153234, 0, 0.999883, 0, 1, 0, -0.999883, 0, -0.0153234, -4.65791, 0.18, 2.43294)

[node name="Box20" parent="Boxes" instance=ExtResource("5_67j8h")]
transform = Transform3D(0.0124264, 0, 0.999923, 0, 1, 0, -0.999923, 0, 0.0124264, -0.704869, 0.18, 2.1129)

[node name="Box21" parent="Boxes" instance=ExtResource("5_67j8h")]
transform = Transform3D(-0.0234027, 0, 0.999726, 0, 1, 0, -0.999726, 0, -0.0234027, -0.704869, 0.18, 3.12758)

[node name="Box22" parent="Boxes" instance=ExtResource("5_67j8h")]
transform = Transform3D(0.00109958, 0, 0.999999, 0, 1, 0, -0.999999, 0, 0.00109958, -0.704869, 0.18, 1.52611)

[node name="Box16" parent="Boxes" instance=ExtResource("5_67j8h")]
transform = Transform3D(0.0458686, 0, 0.998948, 0, 1, 0, -0.998948, 0, 0.0458686, -1.685, 0.54, 5.769)

[node name="Box70" parent="Boxes" instance=ExtResource("5_67j8h")]
transform = Transform3D(0.0261944, 0, 0.999657, 0, 1, 0, -0.999657, 0, 0.0261944, -5.67227, 0.18, 3.90699)

[node name="Box71" parent="Boxes" instance=ExtResource("5_67j8h")]
transform = Transform3D(-0.0234027, 0, 0.999726, 0, 1, 0, -0.999726, 0, -0.0234027, -5.67227, 0.18, 4.50496)

[node name="Box72" parent="Boxes" instance=ExtResource("5_67j8h")]
transform = Transform3D(0.0458686, 0, 0.998948, 0, 1, 0, -0.998948, 0, 0.0458686, -5.67198, 0.54, 4.189)

[node name="Box73" parent="Boxes" instance=ExtResource("5_67j8h")]
transform = Transform3D(-0.0124962, 0, 0.999922, 0, 1, 0, -0.999922, 0, -0.0124962, -5.67198, 0.54, 4.79268)

[node name="Box4" parent="Boxes" instance=ExtResource("5_67j8h")]
transform = Transform3D(0.991814, 0, 0.127688, 0, 1, 0, -0.127688, 0, 0.991814, -2.60957, 0.54, 4.434)

[node name="Box30" parent="Boxes" instance=ExtResource("5_67j8h")]
transform = Transform3D(0.997093, 0, 0.076197, 0, 1, 0, -0.076197, 0, 0.997093, -3.49475, 0.54, 2.96138)

[node name="Box31" parent="Boxes" instance=ExtResource("5_67j8h")]
transform = Transform3D(0.998821, 0, -0.0485359, 0, 1, 0, 0.0485359, 0, 0.998821, -4.09403, 0.54, 2.9705)

[node name="Box32" parent="Boxes" instance=ExtResource("5_67j8h")]
transform = Transform3D(0.0892419, 0, 0.99601, 0, 1, 0, -0.99601, 0, 0.0892419, -4.58545, 0.54, 3.27496)

[node name="Box33" parent="Boxes" instance=ExtResource("5_67j8h")]
transform = Transform3D(-0.0681895, 0, 0.997672, 0, 1, 0, -0.997672, 0, -0.0681895, -4.61153, 0.54, 2.66449)

[node name="Box9" parent="Boxes" instance=ExtResource("5_67j8h")]
transform = Transform3D(-0.0840779, 0, 0.996459, 0, 1, 0, -0.996459, 0, -0.0840779, -3.06804, 0.54, 4.58152)

[node name="Box10" parent="Boxes" instance=ExtResource("5_67j8h")]
transform = Transform3D(0.0332598, 0, 0.999447, 0, 1, 0, -0.999447, 0, 0.0332598, -3.06804, 0.54, 5.18155)

[node name="Box13" parent="Boxes" instance=ExtResource("5_67j8h")]
transform = Transform3D(0.123913, 0, 0.992293, 0, 1, 0, -0.992293, 0, 0.123913, -3.068, 0.9, 5.00791)

[node name="Box38" parent="Boxes" instance=ExtResource("5_67j8h")]
transform = Transform3D(-0.00938976, 0, 0.999956, 0, 1, 0, -0.999956, 0, -0.00938976, -4.60888, 0.9, 3.09253)

[node name="Box37" parent="Boxes" instance=ExtResource("5_67j8h")]
transform = Transform3D(0.123913, 0, 0.992293, 0, 1, 0, -0.992293, 0, 0.123913, -0.72926, 0.9, 2.29258)

[node name="Box64" parent="Boxes" instance=ExtResource("5_67j8h")]
transform = Transform3D(-0.0356147, 0, 0.999366, 0, 1, 0, -0.999366, 0, -0.0356147, -0.72926, 0.9, 3.48398)

[node name="Box11" parent="Boxes" instance=ExtResource("5_67j8h")]
transform = Transform3D(-0.044003, 0, 0.999031, 0, 1, 0, -0.999031, 0, -0.044003, -3.06543, 0.18, 6.07984)

[node name="Box12" parent="Boxes" instance=ExtResource("5_67j8h")]
transform = Transform3D(-0.0316201, 0, 0.9995, 0, 1, 0, -0.9995, 0, -0.0316201, -3.06804, 0.54, 5.79424)

[node name="Box68" parent="Boxes" instance=ExtResource("5_67j8h")]
transform = Transform3D(0.999883, 0, -0.0153059, 0, 1, 0, 0.0153059, 0, 0.999883, -4.59137, 0.54, 4.98392)

[node name="Box69" parent="Boxes" instance=ExtResource("5_67j8h")]
transform = Transform3D(0.999078, 0, 0.0429394, 0, 1, 0, -0.0429394, 0, 0.999078, -5.19144, 0.54, 4.97046)

[node name="Box6" parent="Boxes" instance=ExtResource("5_67j8h")]
transform = Transform3D(0.999998, 0, -0.00186746, 0, 1, 0, 0.00186746, 0, 0.999998, -1.99651, 0.54, 4.434)

[node name="Box74" parent="Boxes" instance=ExtResource("5_67j8h")]
transform = Transform3D(1, 0, 0, 0, 1, 0, 0, 0, 1, -6.33488, 0.18, 1.438)

[node name="Box75" parent="Boxes" instance=ExtResource("5_67j8h")]
transform = Transform3D(0.999633, 0, 0.0270842, 0, 1, 0, -0.0270842, 0, 0.999633, -6.92095, 0.18, 1.44995)

[node name="Box76" parent="Boxes" instance=ExtResource("5_67j8h")]
transform = Transform3D(-0.00169302, 0, 0.999999, 0, 1, 0, -0.999999, 0, -0.00169302, -7.02932, 0.18, 1.9207)

[node name="Box77" parent="Boxes" instance=ExtResource("5_67j8h")]
transform = Transform3D(0.012758, 0, 0.999919, 0, 1, 0, -0.999919, 0, 0.012758, -7.02932, 0.18, 2.50457)

[node name="Box78" parent="Boxes" instance=ExtResource("5_67j8h")]
transform = Transform3D(0.999973, 0, 0.00733033, 0, 1, 0, -0.00733033, 0, 0.999973, -5.75157, 0.18, 1.44995)

[node name="Box79" parent="Boxes" instance=ExtResource("5_67j8h")]
transform = Transform3D(0.0261944, 0, 0.999657, 0, 1, 0, -0.999657, 0, 0.0261944, -5.64917, 0.18, 2.33869)

[node name="Box80" parent="Boxes" instance=ExtResource("5_67j8h")]
transform = Transform3D(-0.0234027, 0, 0.999726, 0, 1, 0, -0.999726, 0, -0.0234027, -5.64917, 0.18, 2.93667)

[node name="Box81" parent="Boxes" instance=ExtResource("5_67j8h")]
transform = Transform3D(0.0458686, 0, 0.998948, 0, 1, 0, -0.998948, 0, 0.0458686, -5.64888, 0.54, 2.785)

[node name="Box82" parent="Boxes" instance=ExtResource("5_67j8h")]
transform = Transform3D(0.991814, 0, 0.127688, 0, 1, 0, -0.127688, 0, 0.991814, -6.57345, 0.54, 1.45)

[node name="Box83" parent="Boxes" instance=ExtResource("5_67j8h")]
transform = Transform3D(-0.0840779, 0, 0.996459, 0, 1, 0, -0.996459, 0, -0.0840779, -7.03193, 0.54, 1.59752)

[node name="Box84" parent="Boxes" instance=ExtResource("5_67j8h")]
transform = Transform3D(0.0332598, 0, 0.999447, 0, 1, 0, -0.999447, 0, 0.0332598, -7.03193, 0.54, 2.19755)

[node name="Box85" parent="Boxes" instance=ExtResource("5_67j8h")]
transform = Transform3D(0.123913, 0, 0.992293, 0, 1, 0, -0.992293, 0, 0.123913, -7.03188, 0.9, 2.02391)

[node name="Box86" parent="Boxes" instance=ExtResource("5_67j8h")]
transform = Transform3D(-0.044003, 0, 0.999031, 0, 1, 0, -0.999031, 0, -0.044003, -7.02932, 0.18, 3.09584)

[node name="Box87" parent="Boxes" instance=ExtResource("5_67j8h")]
transform = Transform3D(-0.0316201, 0, 0.9995, 0, 1, 0, -0.9995, 0, -0.0316201, -7.03193, 0.54, 2.81024)

[node name="Box88" parent="Boxes" instance=ExtResource("5_67j8h")]
transform = Transform3D(0.999998, 0, -0.00186746, 0, 1, 0, 0.00186746, 0, 0.999998, -5.96039, 0.54, 1.45)

[node name="Box39" parent="Boxes" instance=ExtResource("5_67j8h")]
transform = Transform3D(-0.00230388, 0, 0.999997, 0, 1, 0, -0.999997, 0, -0.00230388, -4.56259, 0.18, 0.712274)

[node name="Box40" parent="Boxes" instance=ExtResource("5_67j8h")]
transform = Transform3D(-0.999992, 0, -0.00399689, 0, 1, 0, 0.00399689, 0, -0.999992, -4.07829, 0.18, 1.40559)

[node name="Box42" parent="Boxes" instance=ExtResource("5_67j8h")]
transform = Transform3D(-0.00963413, 0, 0.999954, 0, 1, 0, -0.999954, 0, -0.00963413, -4.55199, 0.18, 0.12893)

[node name="Box54" parent="Boxes" instance=ExtResource("5_67j8h")]
transform = Transform3D(-0.00963413, 0, 0.999954, 0, 1, 0, -0.999954, 0, -0.00963413, -4.55199, 0.18, 1.30148)

[node name="Box43" parent="Boxes" instance=ExtResource("5_67j8h")]
transform = Transform3D(-0.999715, 0, 0.0238913, 0, 1, 0, -0.0238913, 0, -0.999715, -3.66349, 0.18, 0.0244904)

[node name="Box44" parent="Boxes" instance=ExtResource("5_67j8h")]
transform = Transform3D(-0.99967, 0, -0.0257059, 0, 1, 0, 0.0257059, 0, -0.99967, -3.06551, 0.18, 0.0231127)

[node name="Box45" parent="Boxes" instance=ExtResource("5_67j8h")]
transform = Transform3D(-0.99905, 0, 0.043567, 0, 1, 0, -0.043567, 0, -0.99905, -3.21717, 0.54, 0.023172)

[node name="Box46" parent="Boxes" instance=ExtResource("5_67j8h")]
transform = Transform3D(-0.0633306, 0, 0.997992, 0, 1, 0, -0.997992, 0, -0.0633306, -4.55004, 0.54, 0.93851)

[node name="Box47" parent="Boxes" instance=ExtResource("5_67j8h")]
transform = Transform3D(-0.999542, 0, -0.0302595, 0, 1, 0, 0.0302595, 0, -0.999542, -4.40147, 0.54, 1.40895)

[node name="Box48" parent="Boxes" instance=ExtResource("5_67j8h")]
transform = Transform3D(-0.999521, 0, 0.0309571, 0, 1, 0, -0.0309571, 0, -0.999521, -3.81399, 0.54, 1.40756)

[node name="Box49" parent="Boxes" instance=ExtResource("5_67j8h")]
transform = Transform3D(-0.992576, 0, 0.121627, 0, 1, 0, -0.121627, 0, -0.992576, -3.97508, 0.9, 1.40792)

[node name="Box50" parent="Boxes" instance=ExtResource("5_67j8h")]
transform = Transform3D(-0.998927, 0, -0.0463046, 0, 1, 0, 0.0463046, 0, -0.998927, -3.05989, 0.18, 1.40288)

[node name="Box51" parent="Boxes" instance=ExtResource("5_67j8h")]
transform = Transform3D(-0.999566, 0, 0.0294568, 0, 1, 0, -0.0294568, 0, -0.999566, -3.22851, 0.54, 1.40615)

[node name="Box52" parent="Boxes" instance=ExtResource("5_67j8h")]
transform = Transform3D(-0.000436423, 0, 1, 0, 1, 0, -1, 0, -0.000436423, -4.55145, 0.54, 0.337758)

[node name="Box53" parent="Boxes" instance=ExtResource("5_67j8h")]
transform = Transform3D(-0.000436423, 0, 1, 0, 1, 0, -1, 0, -0.000436423, -4.55145, 0.54, 0.337758)

[node name="Box34" parent="Boxes" instance=ExtResource("5_67j8h")]
transform = Transform3D(-0.130059, 0, 0.991506, 0, 1, 0, -0.991506, 0, -0.130059, -0.714449, 0.54, 2.62317)

[node name="Box35" parent="Boxes" instance=ExtResource("5_67j8h")]
transform = Transform3D(0.999616, 0, -0.0276948, 0, 1, 0, 0.0276948, 0, 0.999616, -0.843328, 0.54, 3.10372)

[node name="Box63" parent="Boxes" instance=ExtResource("5_67j8h")]
transform = Transform3D(0.00401425, 0, 0.999992, 0, 1, 0, -0.999992, 0, 0.00401425, -0.714449, 0.54, 3.62329)

[node name="Box36" parent="Boxes" instance=ExtResource("5_67j8h")]
transform = Transform3D(-0.0625989, 0, 0.998039, 0, 1, 0, -0.998039, 0, -0.0625989, -0.714449, 0.54, 2.02361)

[node name="Box3" parent="Boxes" instance=ExtResource("5_67j8h")]
transform = Transform3D(0.999249, 0, -0.038754, 0, 1, 0, 0.038754, 0, 0.999249, -4.94717, 0.18, 4.9712)

[node name="Box66" parent="Boxes" instance=ExtResource("5_67j8h")]
transform = Transform3D(0.0294045, 0, -0.999568, 0, 1, 0, 0.999568, 0, 0.0294045, -4.46578, 0.18, 5.10792)

[node name="Box67" parent="Boxes" instance=ExtResource("5_67j8h")]
transform = Transform3D(-0.0238041, 0, -0.999717, 0, 1, 0, 0.999717, 0, -0.0238041, -4.46578, 0.18, 5.69583)

[node name="Box65" parent="Boxes" instance=ExtResource("5_67j8h")]
transform = Transform3D(0.999946, 0, 0.0103496, 0, 1, 0, -0.0103496, 0, 0.999946, -5.54078, 0.18, 4.9712)

[node name="Box23" parent="Boxes" instance=ExtResource("5_67j8h")]
transform = Transform3D(0.999897, 0, -0.0143287, 0, 1, 0, 0.0143287, 0, 0.999897, -1.18075, 0.18, 2.99718)

[node name="Box24" parent="Boxes" instance=ExtResource("5_67j8h")]
transform = Transform3D(1, 0, -5.23478e-05, 0, 1, 0, 5.23478e-05, 0, 1, -1.75987, 0.18, 2.99718)

[node name="Box25" parent="Boxes" instance=ExtResource("5_67j8h")]
transform = Transform3D(0.999897, 0, -0.0143287, 0, 1, 0, 0.0143287, 0, 0.999897, -3.59544, 0.18, 2.99718)

[node name="Box26" parent="Boxes" instance=ExtResource("5_67j8h")]
transform = Transform3D(1, 0, -5.23478e-05, 0, 1, 0, 5.23478e-05, 0, 1, -4.17456, 0.18, 2.99718)

[node name="Box41" parent="Boxes" instance=ExtResource("5_67j8h")]
transform = Transform3D(-0.997575, 0, 0.0695997, 0, 1, 0, -0.0695997, 0, -0.997575, -2.11718, 0.18, 1.74977)

[node name="Box55" parent="Boxes" instance=ExtResource("5_67j8h")]
transform = Transform3D(-0.0153234, 0, 0.999883, 0, 1, 0, -0.999883, 0, -0.0153234, -2.25229, 0.18, 1.25315)

[node name="Box56" parent="Boxes" instance=ExtResource("5_67j8h")]
transform = Transform3D(0.997093, 0, 0.076197, 0, 1, 0, -0.076197, 0, 0.997093, -1.10361, 0.54, 1.41147)

[node name="Box57" parent="Boxes" instance=ExtResource("5_67j8h")]
transform = Transform3D(0.998821, 0, -0.0485359, 0, 1, 0, 0.0485359, 0, 0.998821, -1.70289, 0.54, 1.42059)

[node name="Box58" parent="Boxes" instance=ExtResource("5_67j8h")]
transform = Transform3D(0.0892419, 0, 0.99601, 0, 1, 0, -0.99601, 0, 0.0892419, -2.19431, 0.54, 1.72505)

[node name="Box59" parent="Boxes" instance=ExtResource("5_67j8h")]
transform = Transform3D(-0.0681895, 0, 0.997672, 0, 1, 0, -0.997672, 0, -0.0681895, -2.22039, 0.54, 1.11458)

[node name="Box60" parent="Boxes" instance=ExtResource("5_67j8h")]
transform = Transform3D(-0.00938976, 0, 0.999956, 0, 1, 0, -0.999956, 0, -0.00938976, -2.21774, 0.9, 1.54261)

[node name="Box61" parent="Boxes" instance=ExtResource("5_67j8h")]
transform = Transform3D(0.999897, 0, -0.0143287, 0, 1, 0, 0.0143287, 0, 0.999897, -1.20431, 0.18, 1.44727)

[node name="Box62" parent="Boxes" instance=ExtResource("5_67j8h")]
transform = Transform3D(1, 0, -5.23478e-05, 0, 1, 0, 5.23478e-05, 0, 1, -1.78342, 0.18, 1.41904)

[node name="Box89" parent="Boxes" instance=ExtResource("5_67j8h")]
transform = Transform3D(0.0146777, 0, 0.999892, 0, 1, 0, -0.999892, 0, 0.0146777, -4.283, 0.18, -4.19942)

[node name="Box90" parent="Boxes" instance=ExtResource("5_67j8h")]
transform = Transform3D(-0.012409, 0, 0.999923, 0, 1, 0, -0.999923, 0, -0.012409, -4.27965, 0.18, -3.61325)

[node name="Box91" parent="Boxes" instance=ExtResource("5_67j8h")]
transform = Transform3D(-0.999916, 0, 0.0129848, 0, 1, 0, -0.0129848, 0, -0.999916, -3.81054, 0.18, -3.49798)

[node name="Box92" parent="Boxes" instance=ExtResource("5_67j8h")]
transform = Transform3D(-0.999624, 0, 0.0274331, 0, 1, 0, -0.0274331, 0, -0.999624, -3.22674, 0.18, -3.48941)

[node name="Box93" parent="Boxes" instance=ExtResource("5_67j8h")]
transform = Transform3D(0.00734773, 0, 0.999973, 0, 1, 0, -0.999973, 0, 0.00734773, -4.26249, 0.18, -4.7825)

[node name="Box94" parent="Boxes" instance=ExtResource("5_67j8h")]
transform = Transform3D(-0.999165, 0, 0.0408642, 0, 1, 0, -0.0408642, 0, -0.999165, -3.37234, 0.18, -4.87184)

[node name="Box95" parent="Boxes" instance=ExtResource("5_67j8h")]
transform = Transform3D(-0.999962, 0, -0.00872654, 0, 1, 0, 0.00872654, 0, -0.999962, -2.77443, 0.18, -4.86306)

[node name="Box96" parent="Boxes" instance=ExtResource("5_67j8h")]
transform = Transform3D(-0.999633, 0, 0.0271016, 0, 1, 0, -0.0271016, 0, -0.999633, -4.37932, 0.18, -5.86715)

[node name="Box97" parent="Boxes" instance=ExtResource("5_67j8h")]
transform = Transform3D(-0.999962, 0, -0.00872654, 0, 1, 0, 0.00872654, 0, -0.999962, -3.78141, 0.18, -5.85837)

[node name="Box98" parent="Boxes" instance=ExtResource("5_67j8h")]
transform = Transform3D(-0.999876, 0, 0.0157771, 0, 1, 0, -0.0157771, 0, -0.999876, -4.96605, 0.18, -5.87576)

[node name="Box99" parent="Boxes" instance=ExtResource("5_67j8h")]
transform = Transform3D(-0.999876, 0, 0.0157771, 0, 1, 0, -0.0157771, 0, -0.999876, -5.72317, 0.18, -1.94315)

[node name="Box100" parent="Boxes" instance=ExtResource("5_67j8h")]
transform = Transform3D(-0.99874, 0, 0.0501746, 0, 1, 0, -0.0501746, 0, -0.99874, -5.13914, 0.18, -1.91834)

[node name="Box101" parent="Boxes" instance=ExtResource("5_67j8h")]
transform = Transform3D(-1, 0, -0.000645775, 0, 1, 0, 0.000645775, 0, -1, -6.30541, 0.18, -1.94196)

[node name="Box102" parent="Boxes" instance=ExtResource("5_67j8h")]
transform = Transform3D(-0.999633, 0, 0.0271016, 0, 1, 0, -0.0271016, 0, -0.999633, -6.56739, 0.18, -5.89927)

[node name="Box103" parent="Boxes" instance=ExtResource("5_67j8h")]
transform = Transform3D(-0.999962, 0, -0.00872654, 0, 1, 0, 0.00872654, 0, -0.999962, -5.55282, 0.18, -5.88438)

[node name="Box104" parent="Boxes" instance=ExtResource("5_67j8h")]
transform = Transform3D(-0.999876, 0, 0.0157771, 0, 1, 0, -0.0157771, 0, -0.999876, -7.15412, 0.18, -5.90788)

[node name="Box105" parent="Boxes" instance=ExtResource("5_67j8h")]
transform = Transform3D(-0.998167, 0, 0.0605259, 0, 1, 0, -0.0605259, 0, -0.998167, -2.92607, 0.54, -4.86558)

[node name="Box106" parent="Boxes" instance=ExtResource("5_67j8h")]
transform = Transform3D(-0.999165, 0, 0.0408642, 0, 1, 0, -0.0408642, 0, -0.999165, -4.84641, 0.18, -0.906071)

[node name="Box107" parent="Boxes" instance=ExtResource("5_67j8h")]
transform = Transform3D(-0.999962, 0, -0.00872654, 0, 1, 0, 0.00872654, 0, -0.999962, -4.2485, 0.18, -0.897294)

[node name="Box108" parent="Boxes" instance=ExtResource("5_67j8h")]
transform = Transform3D(-0.998167, 0, 0.0605259, 0, 1, 0, -0.0605259, 0, -0.998167, -4.56442, 0.54, -0.902223)

[node name="Box109" parent="Boxes" instance=ExtResource("5_67j8h")]
transform = Transform3D(-0.999998, 0, 0.00218165, 0, 1, 0, -0.00218165, 0, -0.999998, -3.96081, 0.54, -0.893362)

[node name="Box110" parent="Boxes" instance=ExtResource("5_67j8h")]
transform = Transform3D(-0.113117, 0, 0.993582, 0, 1, 0, -0.993582, 0, -0.113117, -4.2745, 0.54, -3.96071)

[node name="Box111" parent="Boxes" instance=ExtResource("5_67j8h")]
transform = Transform3D(-0.0615538, 0, 0.998104, 0, 1, 0, -0.998104, 0, -0.0615538, -5.75995, 0.54, -3.09724)

[node name="Box112" parent="Boxes" instance=ExtResource("5_67j8h")]
transform = Transform3D(0.0631911, 0, 0.998001, 0, 1, 0, -0.998001, 0, 0.0631911, -5.75963, 0.54, -2.49789)

[node name="Box113" parent="Boxes" instance=ExtResource("5_67j8h")]
transform = Transform3D(-0.994593, 0, 0.103851, 0, 1, 0, -0.103851, 0, -0.994593, -5.46241, 0.54, -2.00205)

[node name="Box114" parent="Boxes" instance=ExtResource("5_67j8h")]
transform = Transform3D(-0.998566, 0, -0.0535386, 0, 1, 0, 0.0535386, 0, -0.998566, -6.0732, 0.54, -1.98493)

[node name="Box115" parent="Boxes" instance=ExtResource("5_67j8h")]
transform = Transform3D(-0.997586, 0, -0.0694431, 0, 1, 0, 0.0694431, 0, -0.997586, -4.13373, 0.54, -3.50012)

[node name="Box116" parent="Boxes" instance=ExtResource("5_67j8h")]
transform = Transform3D(-0.998851, 0, 0.0479258, 0, 1, 0, -0.0479258, 0, -0.998851, -3.53376, 0.54, -3.49131)

[node name="Box117" parent="Boxes" instance=ExtResource("5_67j8h")]
transform = Transform3D(-0.989872, 0.0316201, 0.138395, 0.0313155, 0.9995, -0.00437824, -0.138464, -1.36484e-09, -0.990367, -3.81644, 0.906728, -3.54171)

[node name="Box118" parent="Boxes" instance=ExtResource("5_67j8h")]
transform = Transform3D(-0.999986, 0, 0.00528827, 0, 1, 0, -0.00528827, 0, -0.999986, -5.64517, 0.9, -1.9813)

[node name="Box119" parent="Boxes" instance=ExtResource("5_67j8h")]
transform = Transform3D(-0.990367, 0, 0.138464, 0, 1, 0, -0.138464, 0, -0.990367, -6.38809, 0.9, -5.87224)

[node name="Box120" parent="Boxes" instance=ExtResource("5_67j8h")]
transform = Transform3D(-0.999781, 0, -0.0209425, 0, 1, 0, 0.0209425, 0, -0.999781, -5.19681, 0.9, -5.85476)

[node name="Box121" parent="Boxes" instance=ExtResource("5_67j8h")]
transform = Transform3D(-0.99957, 0, -0.0293349, 0, 1, 0, 0.0293349, 0, -0.99957, -2.63553, 0.18, -3.48073)

[node name="Box122" parent="Boxes" instance=ExtResource("5_67j8h")]
transform = Transform3D(-0.999856, 0, -0.0169464, 0, 1, 0, 0.0169464, 0, -0.999856, -2.92113, 0.54, -3.48232)

[node name="Box123" parent="Boxes" instance=ExtResource("5_67j8h")]
transform = Transform3D(0.0299802, 0, 0.99955, 0, 1, 0, -0.99955, 0, 0.0299802, -3.75373, 0.54, -1.97105)

[node name="Box124" parent="Boxes" instance=ExtResource("5_67j8h")]
transform = Transform3D(-0.0282706, 0, 0.9996, 0, 1, 0, -0.9996, 0, -0.0282706, -3.776, 0.54, -1.37124)

[node name="Box125" parent="Boxes" instance=ExtResource("5_67j8h")]
transform = Transform3D(0.0165449, 0, 0.999863, 0, 1, 0, -0.999863, 0, 0.0165449, -4.2655, 0.54, -4.5737)

[node name="Box126" parent="Boxes" instance=ExtResource("5_67j8h")]
transform = Transform3D(0.0146777, 0, 0.999892, 0, 1, 0, -0.999892, 0, 0.0146777, -7.32485, 0.18, -0.279766)

[node name="Box127" parent="Boxes" instance=ExtResource("5_67j8h")]
transform = Transform3D(-0.012409, 0, 0.999923, 0, 1, 0, -0.999923, 0, -0.012409, -7.32151, 0.18, 0.306411)

[node name="Box128" parent="Boxes" instance=ExtResource("5_67j8h")]
transform = Transform3D(-0.999916, 0, 0.0129848, 0, 1, 0, -0.0129848, 0, -0.999916, -6.8524, 0.18, 0.421676)

[node name="Box129" parent="Boxes" instance=ExtResource("5_67j8h")]
transform = Transform3D(-0.999624, 0, 0.0274331, 0, 1, 0, -0.0274331, 0, -0.999624, -6.2686, 0.18, 0.430246)

[node name="Box130" parent="Boxes" instance=ExtResource("5_67j8h")]
transform = Transform3D(0.00734773, 0, 0.999973, 0, 1, 0, -0.999973, 0, 0.00734773, -7.30434, 0.18, -0.862846)

[node name="Box131" parent="Boxes" instance=ExtResource("5_67j8h")]
transform = Transform3D(-0.999165, 0, 0.0408642, 0, 1, 0, -0.0408642, 0, -0.999165, -6.36466, 0.18, -0.952183)

[node name="Box132" parent="Boxes" instance=ExtResource("5_67j8h")]
transform = Transform3D(-0.999962, 0, -0.00872654, 0, 1, 0, 0.00872654, 0, -0.999962, -5.76675, 0.18, -0.943405)

[node name="Box133" parent="Boxes" instance=ExtResource("5_67j8h")]
transform = Transform3D(-0.998167, 0, 0.0605259, 0, 1, 0, -0.0605259, 0, -0.998167, -5.91839, 0.54, -0.945921)

[node name="Box134" parent="Boxes" instance=ExtResource("5_67j8h")]
transform = Transform3D(-0.113117, 0, 0.993582, 0, 1, 0, -0.993582, 0, -0.113117, -7.31636, 0.54, -0.0410495)

[node name="Box135" parent="Boxes" instance=ExtResource("5_67j8h")]
transform = Transform3D(-0.997586, 0, -0.0694431, 0, 1, 0, 0.0694431, 0, -0.997586, -7.17559, 0.54, 0.419543)

[node name="Box136" parent="Boxes" instance=ExtResource("5_67j8h")]
transform = Transform3D(-0.998851, 0, 0.0479258, 0, 1, 0, -0.0479258, 0, -0.998851, -6.57562, 0.54, 0.42835)

[node name="Box137" parent="Boxes" instance=ExtResource("5_67j8h")]
transform = Transform3D(-0.990367, 0, 0.138464, 0, 1, 0, -0.138464, 0, -0.990367, -6.74924, 0.9, 0.425759)

[node name="Box138" parent="Boxes" instance=ExtResource("5_67j8h")]
transform = Transform3D(-0.99957, 0, -0.0293349, 0, 1, 0, 0.0293349, 0, -0.99957, -5.67739, 0.18, 0.438924)

[node name="Box139" parent="Boxes" instance=ExtResource("5_67j8h")]
transform = Transform3D(-0.999856, 0, -0.0169464, 0, 1, 0, 0.0169464, 0, -0.999856, -5.96299, 0.54, 0.437343)

[node name="Box140" parent="Boxes" instance=ExtResource("5_67j8h")]
transform = Transform3D(0.0165449, 0, 0.999863, 0, 1, 0, -0.999863, 0, 0.0165449, -7.30736, 0.54, -0.654039)

[node name="Box141" parent="Boxes" instance=ExtResource("5_67j8h")]
transform = Transform3D(-0.999924, 0, 0.012374, 0, 1, 0, -0.012374, 0, -0.999924, -8.02449, 0.18, -2.06252)

[node name="Box142" parent="Boxes" instance=ExtResource("5_67j8h")]
transform = Transform3D(-0.0106811, 0, -0.999943, 0, 1, 0, 0.999943, 0, -0.0106811, -7.32414, 0.18, -2.53659)

[node name="Box143" parent="Boxes" instance=ExtResource("5_67j8h")]
transform = Transform3D(-0.999987, 0, 0.00504389, 0, 1, 0, -0.00504389, 0, -0.999987, -8.60761, 0.18, -2.08169)

[node name="Box144" parent="Boxes" instance=ExtResource("5_67j8h")]
transform = Transform3D(-0.999987, 0, 0.00504389, 0, 1, 0, -0.00504389, 0, -0.999987, -7.43519, 0.18, -2.06448)

[node name="Box145" parent="Boxes" instance=ExtResource("5_67j8h")]
transform = Transform3D(-0.0385622, 0, -0.999256, 0, 1, 0, 0.999256, 0, -0.0385622, -8.699, 0.18, -2.97162)

[node name="Box146" parent="Boxes" instance=ExtResource("5_67j8h")]
transform = Transform3D(0.0110303, 0, -0.999939, 0, 1, 0, 0.999939, 0, 0.0110303, -8.6916, 0.18, -3.56956)

[node name="Box147" parent="Boxes" instance=ExtResource("5_67j8h")]
transform = Transform3D(-0.0582261, 0, -0.998303, 0, 1, 0, 0.998303, 0, -0.0582261, -8.69377, 0.54, -3.41791)

[node name="Box148" parent="Boxes" instance=ExtResource("5_67j8h")]
transform = Transform3D(-0.998815, 0, -0.0486756, 0, 1, 0, 0.0486756, 0, -0.998815, -7.79809, 0.54, -2.07175)

[node name="Box149" parent="Boxes" instance=ExtResource("5_67j8h")]
transform = Transform3D(0.0155852, 0, -0.999878, 0, 1, 0, 0.999878, 0, 0.0155852, -7.32553, 0.54, -2.2134)

[node name="Box150" parent="Boxes" instance=ExtResource("5_67j8h")]
transform = Transform3D(-0.0456244, 0, -0.998959, 0, 1, 0, 0.998959, 0, -0.0456244, -7.31829, 0.54, -2.80083)

[node name="Box151" parent="Boxes" instance=ExtResource("5_67j8h")]
transform = Transform3D(-0.136182, 0, -0.990684, 0, 1, 0, 0.990684, 0, -0.136182, -7.32029, 0.9, -2.63976)

[node name="Box152" parent="Boxes" instance=ExtResource("5_67j8h")]
transform = Transform3D(0.0316377, 0, -0.999499, 0, 1, 0, 0.999499, 0, 0.0316377, -7.3119, 0.18, -3.55492)

[node name="Box153" parent="Boxes" instance=ExtResource("5_67j8h")]
transform = Transform3D(-0.044125, 0, -0.999026, 0, 1, 0, 0.999026, 0, -0.044125, -7.3111, 0.54, -3.38628)

[node name="Box154" parent="Boxes" instance=ExtResource("5_67j8h")]
transform = Transform3D(-0.999898, 0, 0.0142413, 0, 1, 0, -0.0142413, 0, -0.999898, -8.3988, 0.54, -2.07915)

[node name="Box155" parent="Boxes" instance=ExtResource("5_67j8h")]
transform = Transform3D(-0.999898, 0, 0.0142413, 0, 1, 0, -0.0142413, 0, -0.999898, -8.3988, 0.54, -2.07915)

[node name="Box156" parent="Boxes" instance=ExtResource("5_67j8h")]
transform = Transform3D(-0.993308, 0, -0.115492, 0, 1, 0, 0.115492, 0, -0.993308, -6.05731, 0.54, -5.8822)

[node name="Box157" parent="Boxes" instance=ExtResource("5_67j8h")]
transform = Transform3D(0.0423638, 0, 0.999102, 0, 1, 0, -0.999102, 0, 0.0423638, -5.57871, 0.54, -5.74628)

[node name="Box158" parent="Boxes" instance=ExtResource("5_67j8h")]
transform = Transform3D(-0.999825, 0, 0.0186914, 0, 1, 0, -0.0186914, 0, -0.999825, -5.0573, 0.54, -5.86752)

[node name="Box159" parent="Boxes" instance=ExtResource("5_67j8h")]
transform = Transform3D(-0.99885, 0, -0.0479433, 0, 1, 0, 0.0479433, 0, -0.99885, -6.65681, 0.54, -5.891)

[node name="Box160" parent="Boxes" instance=ExtResource("5_67j8h")]
transform = Transform3D(0.0534165, 0, 0.998572, 0, 1, 0, -0.998572, 0, 0.0534165, -3.77167, 0.18, -1.61548)

[node name="Box161" parent="Boxes" instance=ExtResource("5_67j8h")]
transform = Transform3D(0.999892, 0, 0.0147301, 0, 1, 0, -0.0147301, 0, 0.999892, -3.6279, 0.18, -2.0948)

[node name="Box162" parent="Boxes" instance=ExtResource("5_67j8h")]
transform = Transform3D(0.99926, 0, -0.038475, 0, 1, 0, 0.038475, 0, 0.99926, -3.04005, 0.18, -2.08617)

[node name="Box265" parent="Boxes" instance=ExtResource("5_67j8h")]
transform = Transform3D(0.0562397, 0, 0.998417, 0, 1, 0, -0.998417, 0, 0.0562397, -2.65778, 0.18, -1.08711)

[node name="Box163" parent="Boxes" instance=ExtResource("5_67j8h")]
transform = Transform3D(0.00432837, 0, 0.999991, 0, 1, 0, -0.999991, 0, 0.00432837, -3.78038, 0.18, -1.02192)

[node name="Box164" parent="Boxes" instance=ExtResource("5_67j8h")]
transform = Transform3D(0.0290033, 0, 0.999579, 0, 1, 0, -0.999579, 0, 0.0290033, -5.69019, 0.18, -5.41046)

[node name="Box165" parent="Boxes" instance=ExtResource("5_67j8h")]
transform = Transform3D(0.01473, 0, 0.999892, 0, 1, 0, -0.999892, 0, 0.01473, -5.69869, 0.18, -4.8314)

[node name="Box166" parent="Boxes" instance=ExtResource("5_67j8h")]
transform = Transform3D(0.0290033, 0, 0.999579, 0, 1, 0, -0.999579, 0, 0.0290033, -5.72563, 0.18, -2.99603)

[node name="Box167" parent="Boxes" instance=ExtResource("5_67j8h")]
transform = Transform3D(0.01473, 0, 0.999892, 0, 1, 0, -0.999892, 0, 0.01473, -5.73413, 0.18, -2.41697)

[node name="Box168" parent="Boxes" instance=ExtResource("5_67j8h")]
transform = Transform3D(-0.0842343, 0, -0.996446, 0, 1, 0, 0.996446, 0, -0.0842343, -6.95122, 0.18, -4.49244)

[node name="Box169" parent="Boxes" instance=ExtResource("5_67j8h")]
transform = Transform3D(-1, 0, -0.000645775, 0, 1, 0, 0.000645775, 0, -1, -7.44976, 0.18, -4.36463)

[node name="Box170" parent="Boxes" instance=ExtResource("5_67j8h")]
transform = Transform3D(-0.0615538, 0, 0.998104, 0, 1, 0, -0.998104, 0, -0.0615538, -7.2746, 0.54, -5.51087)

[node name="Box171" parent="Boxes" instance=ExtResource("5_67j8h")]
transform = Transform3D(0.0631911, 0, 0.998001, 0, 1, 0, -0.998001, 0, 0.0631911, -7.27428, 0.54, -4.91152)

[node name="Box172" parent="Boxes" instance=ExtResource("5_67j8h")]
transform = Transform3D(-0.994593, 0, 0.103851, 0, 1, 0, -0.103851, 0, -0.994593, -6.97706, 0.54, -4.41568)

[node name="Box173" parent="Boxes" instance=ExtResource("5_67j8h")]
transform = Transform3D(-0.998566, 0, -0.0535386, 0, 1, 0, 0.0535386, 0, -0.998566, -7.58785, 0.54, -4.39856)

[node name="Box174" parent="Boxes" instance=ExtResource("5_67j8h")]
transform = Transform3D(-0.999986, 0, 0.00528827, 0, 1, 0, -0.00528827, 0, -0.999986, -7.15982, 0.9, -4.39493)

[node name="Box175" parent="Boxes" instance=ExtResource("5_67j8h")]
transform = Transform3D(0.0290033, 0, 0.999579, 0, 1, 0, -0.999579, 0, 0.0290033, -7.24028, 0.18, -5.40965)

[node name="Box176" parent="Boxes" instance=ExtResource("5_67j8h")]
transform = Transform3D(0.01473, 0, 0.999892, 0, 1, 0, -0.999892, 0, 0.01473, -7.27701, 0.18, -4.83101)

[node name="Box177" parent="Boxes" instance=ExtResource("5_67j8h")]
transform = Transform3D(-0.999771, 0, -0.0213786, 0, 1, 0, 0.0213786, 0, -0.999771, 0.104469, 0.18, -2.85311)

[node name="Box178" parent="Boxes" instance=ExtResource("5_67j8h")]
transform = Transform3D(-0.998826, 0, -0.0484488, 0, 1, 0, 0.0484488, 0, -0.998826, 0.690144, 0.18, -2.87759)

[node name="Box179" parent="Boxes" instance=ExtResource("5_67j8h")]
transform = Transform3D(0.0230712, 0, -0.999734, 0, 1, 0, 0.999734, 0, 0.0230712, 0.788423, 0.18, -3.35055)

[node name="Box180" parent="Boxes" instance=ExtResource("5_67j8h")]
transform = Transform3D(0.00862186, 0, -0.999963, 0, 1, 0, 0.999963, 0, 0.00862186, 0.775941, 0.18, -3.93428)

[node name="Box181" parent="Boxes" instance=ExtResource("5_67j8h")]
transform = Transform3D(-0.999588, 0, -0.0287067, 0, 1, 0, 0.0287067, 0, -0.999588, -0.712401, 0.18, -2.85259)

[node name="Box182" parent="Boxes" instance=ExtResource("5_67j8h")]
transform = Transform3D(-0.00481712, 0, -0.999988, 0, 1, 0, 0.999988, 0, -0.00481712, -0.60034, 0.18, -3.73894)

[node name="Box183" parent="Boxes" instance=ExtResource("5_67j8h")]
transform = Transform3D(0.0447702, 0, -0.998997, 0, 1, 0, 0.998997, 0, 0.0447702, -0.613124, 0.18, -4.33678)

[node name="Box184" parent="Boxes" instance=ExtResource("5_67j8h")]
transform = Transform3D(0.00895339, 0, -0.99996, 0, 1, 0, 0.99996, 0, 0.00895339, -1.5587, 0.18, -2.69673)

[node name="Box185" parent="Boxes" instance=ExtResource("5_67j8h")]
transform = Transform3D(0.0447702, 0, -0.998997, 0, 1, 0, 0.998997, 0, 0.0447702, -1.57148, 0.18, -3.29457)

[node name="Box186" parent="Boxes" instance=ExtResource("5_67j8h")]
transform = Transform3D(0.0202793, 0, -0.999794, 0, 1, 0, 0.999794, 0, 0.0202793, -1.54615, 0.18, -2.11007)

[node name="Box187" parent="Boxes" instance=ExtResource("5_67j8h")]
transform = Transform3D(0.0202793, 0, -0.999794, 0, 1, 0, 0.999794, 0, 0.0202793, 2.4112, 0.18, -1.49521)

[node name="Box188" parent="Boxes" instance=ExtResource("5_67j8h")]
transform = Transform3D(-0.0141367, 0, -0.9999, 0, 1, 0, 0.9999, 0, -0.0141367, 2.41494, 0.18, -2.07976)

[node name="Box189" parent="Boxes" instance=ExtResource("5_67j8h")]
transform = Transform3D(0.036696, 0, -0.999327, 0, 1, 0, 0.999327, 0, 0.036696, 2.43338, 0.18, -0.913396)

[node name="Box190" parent="Boxes" instance=ExtResource("5_67j8h")]
transform = Transform3D(0.00895339, 0, -0.99996, 0, 1, 0, 0.99996, 0, 0.00895339, -1.51192, 0.18, -0.508923)

[node name="Box191" parent="Boxes" instance=ExtResource("5_67j8h")]
transform = Transform3D(0.0447702, 0, -0.998997, 0, 1, 0, 0.998997, 0, 0.0447702, -1.53361, 0.18, -1.52337)

[node name="Box192" parent="Boxes" instance=ExtResource("5_67j8h")]
transform = Transform3D(0.0202793, 0, -0.999794, 0, 1, 0, 0.999794, 0, 0.0202793, -1.49937, 0.18, 0.0777302)

[node name="Box193" parent="Boxes" instance=ExtResource("5_67j8h")]
transform = Transform3D(-0.024502, 0, -0.9997, 0, 1, 0, 0.9997, 0, -0.024502, -0.610171, 0.54, -4.18514)

[node name="Box194" parent="Boxes" instance=ExtResource("5_67j8h")]
transform = Transform3D(-0.00481712, 0, -0.999988, 0, 1, 0, 0.999988, 0, -0.00481712, 3.41599, 0.18, -2.40879)

[node name="Box195" parent="Boxes" instance=ExtResource("5_67j8h")]
transform = Transform3D(0.0447702, 0, -0.998997, 0, 1, 0, 0.998997, 0, 0.0447702, 3.40321, 0.18, -3.00664)

[node name="Box196" parent="Boxes" instance=ExtResource("5_67j8h")]
transform = Transform3D(-0.024502, 0, -0.9997, 0, 1, 0, 0.9997, 0, -0.024502, 3.40967, 0.54, -2.69074)

[node name="Box197" parent="Boxes" instance=ExtResource("5_67j8h")]
transform = Transform3D(0.0338703, 0, -0.999426, 0, 1, 0, 0.999426, 0, 0.0338703, 3.39677, 0.54, -3.29428)

[node name="Box198" parent="Boxes" instance=ExtResource("5_67j8h")]
transform = Transform3D(-0.988858, 0, -0.148862, 0, 1, 0, 0.148862, 0, -0.988858, 0.342724, 0.54, -2.87021)

[node name="Box199" parent="Boxes" instance=ExtResource("5_67j8h")]
transform = Transform3D(-0.995236, 0, -0.0974961, 0, 1, 0, 0.0974961, 0, -0.995236, 1.25919, 0.54, -1.41685)

[node name="Box200" parent="Boxes" instance=ExtResource("5_67j8h")]
transform = Transform3D(-0.999631, 0, 0.0271714, 0, 1, 0, -0.0271714, 0, -0.999631, 1.85813, 0.54, -1.43878)

[node name="Box201" parent="Boxes" instance=ExtResource("5_67j8h")]
